[System]
-- specify system name
Name: C1

[Parameter]
-- general syntax is parameter_name : value1, value2, ...
mei_type (int) : 255
R_device_id (int) : 0, 1, 2, 3, 4, 5, 6, 7, 8, 9, 10, 11, 12, 13, 14, 15, 16, 17, 18, 19, 20, 21, 27, 28, 29, 30, 31, 32, 33, 34, 35, 36, 37, 59, 60, 61, 62, 63, 64, 65, 66, 67, 68, 69, 123, 124, 125, 126, 127, 128, 129, 130, 131, 132, 133, 251, 252, 253, 254, 255
object_id (int) : 0, 1, 2, 3, 4, 5, 6, 7, 8, 9, 10, 11, 12, 13, 14, 15, 16, 17, 18, 19, 20, 21, 27, 28, 29, 30, 31, 32, 33, 34, 35, 36, 37, 59, 60, 61, 62, 63, 64, 65, 66, 67, 68, 69, 123, 124, 125, 126, 127, 128, 129, 130, 131, 132, 133, 251, 252, 253, 254, 255

[Relation]
-- this section is optional
-- general format Rx : (p1, p2, ..., pk, Strength)


