[System]
-- specify system name
Name: f20

[Parameter]
-- general syntax is parameter_name : value1, value2, ...
Byte_count (int) : 0, 1, 2, 3, 4, 5, 6, 7, 8, 9, 10, 11, 12, 13, 14, 15, 16, 17, 18, 19, 20, 21, 27, 28, 29, 30, 31, 32, 33, 34, 35, 36, 37, 59, 60, 61, 62, 63, 64, 65, 66, 67, 68, 69, 123, 124, 125, 126, 127, 128, 129, 130, 131, 132, 133, 251, 252, 253, 254, 255
Reference_Type (int) : 0, 1, 2, 3, 4, 5, 6, 7, 8, 9, 10, 11, 12, 13, 14, 15, 16, 17, 18, 19, 20, 21, 27, 28, 29, 30, 31, 32, 33, 34, 35, 36, 37, 59, 60, 61, 62, 63, 64, 65, 66, 67, 68, 69, 123, 124, 125, 126, 127, 128, 129, 130, 131, 132, 133, 251, 252, 253, 254, 255
File_number (int) : 0, 1, 2, 3, 4, 5, 7, 8, 9, 10, 11, 12, 13, 14, 15, 16, 17, 31, 32, 33, 63, 64, 65, 127, 128, 129, 255, 256, 257, 511, 512, 513, 1023, 1024, 1025, 2047, 2048, 2049, 4095, 4096, 4097, 8191, 8192, 8193,  10000, 16383, 16384, 16385,20000, 32767, 32768, 32769, 65471, 65472, 65473, 65503, 65504, 65505, 65519, 65520, 65521, 65527, 65528, 65529, 65530, 65531, 65532, 65533, 65534, 65535
Record_number (int) : 0, 1, 2, 3, 4, 5, 7, 8, 9, 15, 16, 17, 31, 32, 33, 63, 64, 65, 127, 128, 129, 255, 256, 257, 511, 512, 513, 1023, 1024, 1025, 2047, 2048, 2049, 4095, 4096, 4097, 8191, 8192, 8193,993, 9994, 9995, 9996, 9997, 9998, 9999, 10000, 10001, 10002, 10003, 10004  , 16383, 16384, 16385, 32767, 32768, 32769, 65471, 65472, 65473, 65503, 65504, 65505, 65519, 65520, 65521, 65527, 65528, 65529, 65530, 65531, 65532, 65533, 65534, 65535
Record_length (int) : 0, 1, 2, 3, 4, 5, 7, 8, 9, 15, 16, 17, 31, 32, 33, 63, 64, 65, 116, 117, 118, 119, 120, 121, 122, 123, 124, 125, 126, 127, 128, 129, 255, 256, 257, 511, 512, 513, 1023, 1024, 1025, 2047, 2048, 2049, 4095, 4096, 4097, 8191, 8192, 8193, 16383, 16384, 16385, 32767, 32768, 32769, 65471, 65472, 65473, 65503, 65504, 65505, 65519, 65520, 65521, 65527, 65528, 65529, 65530, 65531, 65532, 65533, 65534, 65535

[Relation]
-- this section is optional
-- general format Rx : (p1, p2, ..., pk, Strength)


[Test Set]
-- set existing test set for extend mode. this is also optional
-- * represents don't-care value
Byte_count,Reference_Type,File_number,Record_number,Record_length
