[System]
-- specify system name
Name: fc23

[Parameter]
-- general syntax is parameter_name : value1, value2, ...
quan_write (int) : 0, 1, 2, 3, 4, 5, 6, 7, 8, 9, 10, 11, 12, 13, 14, 15, 16, 17, 18, 19, 20, 21, 27, 28, 29, 30, 31, 32, 33, 34, 35, 36, 37, 59, 60, 61, 62, 63, 64, 65, 66, 67, 68, 69, 111, 112, 113, 114, 115, 116, 117, 118, 119, 120, 121, 122, 123, 124, 125, 126, 127, 128, 129, 130, 131, 132, 133, 134, 251, 252, 253, 254, 255, 256, 257, 258, 259, 260, 261, 507, 508, 509, 510, 511, 512, 513, 514, 515, 516, 517, 1019, 1020, 1021, 1022, 1023, 1024, 1025, 1026, 1027, 1028, 1029, 2043, 2044, 2045, 2046, 2047, 2048, 2049, 2050, 2051, 2052, 2053, 4091, 4092, 4093, 4094, 4095, 4096, 4097, 4098, 4099, 4100, 4101, 5000, 8187, 8188, 8189, 8190, 8191, 8192, 8193, 8194, 8195, 8196, 8197, 10000, 16379, 16380, 16381, 16382, 16383, 16384, 16385, 16386, 16387, 16388, 16389, 20000, 32763, 32764, 32765, 32766, 32767, 32768, 32769, 32770, 32771, 32772, 32773, 65530, 65531, 65532, 65533, 65534, 65535
byte_count (int) : 0, 1, 2, 3, 4, 5, 6, 7, 8, 9, 10, 11, 12, 13, 14, 15, 16, 17, 18, 19, 20, 21, 27, 28, 29, 30, 31, 32, 33, 34, 35, 36, 37, 59, 60, 61, 62, 63, 64, 65, 66, 67, 68, 69, 123, 124, 125, 126, 127, 128, 129, 130, 131, 132, 133, 251, 252, 253, 254, 255
num_value (int) : 0, 1, 2, 3, 4, 5, 6, 7, 8, 9, 10, 11, 12, 13, 14, 15, 16, 17, 18, 19, 20, 21, 27, 28, 29, 30, 31, 32, 33, 34, 35, 36, 37, 59, 60, 61, 62, 63, 64, 65, 66, 67, 68, 69, 111, 112, 113, 114, 115, 116, 117, 118, 119, 120, 121, 122, 123, 124, 125, 126, 127, 128, 129, 130, 131, 132, 133, 134, 251, 252, 253, 254, 255, 256, 257, 258, 259, 260, 261, 507, 508, 509, 510, 511, 512, 513, 514, 515, 516, 517, 1019, 1020, 1021, 1022, 1023, 1024, 1025, 1026, 1027, 1028, 1029, 2043, 2044, 2045, 2046, 2047, 2048, 2049, 2050, 2051, 2052, 2053, 4091, 4092, 4093, 4094, 4095, 4096, 4097, 4098, 4099, 4100, 4101, 5000, 8187, 8188, 8189, 8190, 8191, 8192, 8193, 8194, 8195, 8196, 8197, 10000, 16379, 16380, 16381, 16382, 16383, 16384, 16385, 16386, 16387, 16388, 16389, 20000, 32763, 32764, 32765, 32766, 32767, 32768, 32769, 32770, 32771, 32772, 32773, 65530, 65531, 65532, 65533, 65534, 65535

[Relation]
-- this section is optional
-- general format Rx : (p1, p2, ..., pk, Strength)

[Constraint]
-- this section is also optional
byte_count!=2*quan_write && num_value!=2*quan_write
num_value%2!=0

[Test Set]
-- set existing test set for extend mode. this is also optional
-- * represents don't-care value
quan_write,byte_count,num_value
